581003968785297920
578158750487152768
4508411068678921
1130300109260800
223493399251001416
290553679117844492
72130205027664000
8142581829134713877
1191210931943117320
4820293352964226
36173937052287056
-9124008893876142048
5773759909900324864
141356032851968
7220398310220414976
-6611284111111090176
306561571516842112
578714779192400256
1157425112832671821
4611826790577553408
153403873317359648
1266654843777284
613052500384154672
40683021277192
14712635159222273
4613973076303488256
144449439745081376
4611765183340216640
5764897811300696064
24770082525692424
848827305823490
1198476272763905
616001793163788
155400626963497216
293863346019763264
-9223350042192772864
1691049286303872
2594671798863925250
686810076811624772
595040588895159296
1153528573605185536
9361551314149376
162728392000512
72842917970432
-9217645711292624880
-8773010922930175744
288810926906852912
864978118178412800
5192729544063198724
2317674587686699008
6773833776496640
4538786214332420
-9223231227392032764
90143151590801552
207319583239981576
-9182751539146489856
74591970756134408
288232593495853120
-9218657017260862464
1233988496929097728
1153486207185855000
1152922089528754816
288243862618653184
1161964167574331456
MAGIC_END
-9205322385119247872,134480384,134480384,68853957120,262656,262656,262656,262656,512,512,512,512,512,512,512,512,134480384,35253226045952,68853957120,134480384,262656,262656,262656,262656,512,512,512,512,512,512,512,512,18049651735527936,134480384,134480384,68853957120,262656,262656,262656,262656,512,512,512,512,512,512,512,512,134480384,35253226045952,68853957120,134480384,262656,262656,262656,262656,512,512,512,512,512,512,512,512,
36099303471056128,1280,525568,1280,268961024,1280,525568,1280,525568,1280,137707914496,1280,525568,1280,268961024,1280,70506452092160,1280,525568,1280,268961024,1280,525568,1280,525568,1280,137707914496,1280,525568,1280,268961024,1280,
141012904249856,537987584,275415894528,537987584,141012904184320,537922048,275415828992,537922048,1116672,1116672,1116672,1116672,1051136,1051136,1051136,1051136,68096,68096,68096,68096,2560,2560,2560,2560,68096,68096,68096,68096,2560,2560,2560,2560,
550848566272,550831789056,550831657984,550831657984,1092752384,1075975168,1075844096,1075844096,16913408,136192,5120,5120,16913408,136192,5120,5120,19010560,2233344,2102272,2102272,19010560,2233344,2102272,2102272,16913408,136192,5120,5120,16913408,136192,5120,5120,
6480472064,2151950336,10240,10240,2185504768,2151950336,10240,10240,4328794112,272384,4204544,4204544,33826816,272384,4204544,4204544,4332988416,4466688,10240,10240,38021120,4466688,10240,10240,4328794112,272384,2151688192,2151688192,33826816,272384,2151688192,2151688192,
1108177604608,8933376,1108169216000,544768,76042240,8933376,67653632,544768,8665976832,8933376,8657588224,544768,76042240,8933376,67653632,544768,8409088,8409088,20480,20480,8409088,8409088,20480,20480,8409088,8409088,20480,20480,8409088,8409088,20480,20480,
283691315142656,40960,135307264,40960,1089536,40960,1089536,40960,17315176448,40960,135307264,40960,1089536,40960,1089536,40960,2216338432000,40960,135307264,40960,1089536,40960,1089536,40960,17315176448,40960,135307264,40960,1089536,40960,1089536,40960,
72624976668147712,270548992,567382630219776,270548992,16384,16384,16384,16384,2113536,2113536,2113536,2113536,16384,16384,16384,16384,34630287360,270548992,34630287360,270548992,16384,16384,16384,16384,2113536,2113536,2113536,2113536,16384,16384,16384,16384,4432676798464,270548992,4432676798464,270548992,16384,16384,16384,16384,2113536,2113536,2113536,2113536,16384,16384,16384,16384,34630287360,270548992,34630287360,270548992,16384,16384,16384,16384,2113536,2113536,2113536,2113536,16384,16384,16384,16384,
4620710844295151618,131074,131074,34426978306,67239938,131074,131074,67239938,9024825867763714,131074,131074,34426978306,67239938,131074,131074,67239938,17626613022722,131074,131074,34426978306,67239938,131074,131074,67239938,17626613022722,131074,131074,34426978306,67239938,131074,131074,67239938,
-9205322385119182843,327685,68854022149,327685,18049651735592965,327685,68854022149,327685,134545413,327685,134545413,327685,134545413,327685,134545413,327685,327685,35253226110981,327685,68854022149,327685,35253226110981,327685,68854022149,327685,134545413,327685,134545413,327685,134545413,327685,134545413,
36099303487963146,36099303471185930,285868042,269090826,17432586,655370,17432586,655370,70506468999178,70506452221962,285868042,269090826,17432586,655370,17432586,655370,137724821514,137708044298,285868042,269090826,17432586,655370,17432586,655370,137724821514,137708044298,285868042,269090826,17432586,655370,17432586,655370,
141017232965652,141012904443924,4866703380,538181652,4329832468,1310740,4329832468,1310740,279744610324,275416088596,4866703380,538181652,4329832468,1310740,4329832468,1310740,141012937998356,141012904443924,571736084,538181652,34865172,1310740,34865172,1310740,275449643028,275416088596,571736084,538181652,34865172,1310740,34865172,1310740,
1659000848424,1109245034536,2621480,2621480,550832177192,1076363304,550899286056,1143472168,559489220648,9733406760,550832177192,1076363304,550832177192,1076363304,550899286056,1143472168,1108171292712,1108171292712,550832177192,1076363304,2621480,2621480,69730344,69730344,8659664936,8659664936,2621480,2621480,2621480,2621480,69730344,69730344,
283693466779728,2152726608,19466813520,2152726608,283691319296080,5242960,17319329872,5242960,2218490069072,2152726608,19466813520,2152726608,2216342585424,5242960,17319329872,5242960,2286944336,2152726608,2286944336,2152726608,139460688,5242960,139460688,5242960,2286944336,2152726608,2286944336,2152726608,139460688,5242960,139460688,5242960,
72624976676520096,34638659744,4432685170848,34638659744,278921376,278921376,278921376,278921376,10485920,10485920,10485920,10485920,10485920,10485920,10485920,10485920,567382638592160,34638659744,4432685170848,34638659744,278921376,278921376,278921376,278921376,10485920,10485920,10485920,10485920,10485920,10485920,10485920,10485920,
145249953336262720,4194368,69260542016,4194368,541065280,4194368,541065280,4194368,1134765260406848,4194368,8865353564224,4194368,541065280,4194368,541065280,4194368,69260542016,4194368,8865353564224,4194368,541065280,4194368,541065280,4194368,69260542016,4194368,69260542016,4194368,541065280,4194368,541065280,4194368,
2310355422147510788,4512412933816836,17213424132,17213424132,33554944,33554944,33554944,33554944,33554948,33554948,33554948,33554948,8813306446340,8813306446340,17213424132,17213424132,2310355422147510784,4512412933816832,17213424128,17213424128,33554948,33554948,33554948,33554948,33554944,33554944,33554944,33554944,8813306446336,8813306446336,17213424128,17213424128,
4620710844311799048,83887368,34443625728,83887368,4620710844311799040,83887360,9024825884411144,83887360,34443625736,83887368,9024825884411136,83887368,34443625728,83887360,34443625736,83887360,17626629670152,83887368,34443625728,83887368,17626629670144,83887360,17626629670152,83887360,34443625736,83887368,17626629670144,83887368,34443625728,83887360,34443625736,83887360,
-9205322380790986223,4462742016,-9205322385085953519,167774720,73182218769,4462742016,68887251473,167774720,4462742033,18049656063789585,167774737,18049651768822289,4462742033,73182218769,167774737,68887251473,-9205322380790986224,4462742033,-9205322385085953520,167774737,73182218768,4462742033,68887251472,167774737,4462742032,18049656063789584,167774736,18049651768822288,4462742032,73182218768,167774736,68887251472,35257554307601,4462742032,35253259340305,167774736,73182218769,4462742032,68887251473,167774736,4462742033,35257554307601,167774737,35253259340305,4462742033,73182218769,167774737,68887251473,35257554307600,4462742033,35253259340304,167774737,73182218768,4462742033,68887251472,167774737,4462742032,35257554307600,167774736,35253259340304,4462742032,73182218768,167774736,68887251472,-9205322380790986239,4462742032,-9205322385085953535,167774736,73182218753,4462742032,68887251457,167774736,4462742017,18049656063789569,167774721,18049651768822273,4462742017,73182218753,167774721,68887251457,-9205322380790986240,4462742017,-9205322385085953536,167774721,73182218752,4462742017,68887251456,167774721,4462742016,18049656063789568,167774720,18049651768822272,4462742016,73182218752,167774720,68887251456,35257554307585,4462742016,35253259340289,167774720,73182218753,4462742016,68887251457,167774720,4462742017,35257554307585,167774721,35253259340289,4462742017,73182218753,167774721,68887251457,35257554307584,4462742017,35253259340288,167774721,73182218752,4462742017,68887251456,167774721,4462742016,35257554307584,167774720,35253259340288,4462742016,73182218752,167774720,68887251456,
36100411639206946,36100411639206944,335549474,335549472,36100411639206914,36100411639206912,335549442,335549440,1108437111842,1108437111840,335549474,335549472,1108437111810,1108437111808,335549442,335549440,36099303537644578,36099303537644576,36099312127579170,36099312127579168,36099303537644546,36099303537644544,36099312127579138,36099312127579136,335549474,335549472,8925484066,8925484064,335549442,335549440,8925484034,8925484032,1245876065314,1245876065312,36099303537644578,36099303537644576,1245876065282,1245876065280,36099303537644546,36099303537644544,71614620242978,71614620242976,335549474,335549472,71614620242946,71614620242944,335549442,335549440,137774502946,137774502944,146364437538,146364437536,137774502914,137774502912,146364437506,146364437504,70506518680610,70506518680608,70515108615202,70515108615200,70506518680578,70506518680576,70515108615170,70515108615168,1108437111842,1108437111840,137774502946,137774502944,1108437111810,1108437111808,137774502914,137774502912,1245876065314,1245876065312,70506518680610,70506518680608,1245876065282,1245876065280,70506518680578,70506518680576,335549474,335549472,8925484066,8925484064,335549442,335549440,8925484034,8925484032,137774502946,137774502944,146364437538,146364437536,137774502914,137774502912,146364437506,146364437504,1108437111842,1108437111840,335549474,335549472,1108437111810,1108437111808,335549442,335549440,1108437111842,1108437111840,137774502946,137774502944,1108437111810,1108437111808,137774502914,137774502912,335549474,335549472,8925484066,8925484064,335549442,335549440,8925484034,8925484032,335549474,335549472,8925484066,8925484064,335549442,335549440,8925484034,8925484032,
424704217196612,2216874223620,275549005828,671098884,424704217196608,2216874223616,275549005824,671098880,283966728841284,17850968132,141013037361220,671098884,283966728841280,17850968128,141013037361216,671098880,424704217196548,17850968132,275549005892,671098948,424704217196544,17850968128,275549005888,671098944,283966728841220,17850968068,141013037361156,671098948,283966728841216,17850968064,141013037361152,671098944,141030217230404,17850968068,275549005828,671098884,141030217230400,17850968064,275549005824,671098880,292728875076,283691850934340,141013037361220,671098884,292728875072,283691850934336,141013037361216,671098880,141030217230340,283691850934340,275549005892,671098948,141030217230336,283691850934336,275549005888,671098944,292728875012,283691850934276,141013037361156,671098948,292728875008,283691850934272,141013037361152,671098944,143229240485956,283691850934276,275549005828,671098884,143229240485952,283691850934272,275549005824,671098880,2491752130628,17850968132,141013037361220,671098884,2491752130624,17850968128,141013037361216,671098880,143229240485892,17850968132,275549005892,671098948,143229240485888,17850968128,275549005888,671098944,2491752130564,17850968068,141013037361156,671098948,2491752130560,17850968064,141013037361152,671098944,141030217230404,17850968068,275549005828,671098884,141030217230400,17850968064,275549005824,671098880,292728875076,2216874223684,141013037361220,671098884,292728875072,2216874223680,141013037361216,671098880,141030217230340,2216874223684,275549005892,671098948,141030217230336,2216874223680,275549005888,671098944,292728875012,2216874223620,141013037361156,671098948,292728875008,2216874223616,141013037361152,671098944,
72625527495610504,585457750024,72624977739796616,35701936136,551098011776,551098011648,1342197888,1342197760,4983504261256,585457750024,4433748447368,35701936136,551098011776,551098011648,1342197888,1342197760,72625527495610376,551098011784,72624977739796488,1342197896,551098011648,585457750144,1342197760,35701936256,4983504261128,551098011784,4433748447240,1342197896,551098011648,585457750144,1342197760,35701936256,551098011784,551098011656,1342197896,1342197768,72625527495610496,585457750016,72624977739796608,35701936128,551098011784,551098011656,1342197896,1342197768,4983504261248,585457750016,4433748447360,35701936128,551098011656,567933457682568,1342197768,567383701868680,72625527495610368,551098011776,72624977739796480,1342197888,551098011656,4983504261256,1342197768,4433748447368,4983504261120,551098011776,4433748447232,1342197888,585457750152,567933457682440,35701936264,567383701868552,551098011776,551098011648,1342197888,1342197760,585457750152,4983504261128,35701936264,4433748447240,551098011776,551098011648,1342197888,1342197760,585457750024,551098011784,35701936136,1342197896,551098011648,567933457682560,1342197760,567383701868672,585457750024,551098011784,35701936136,1342197896,551098011648,4983504261248,1342197760,4433748447360,551098011784,551098011656,1342197896,1342197768,585457750144,567933457682432,35701936256,567383701868544,551098011784,551098011656,1342197896,1342197768,585457750144,4983504261120,35701936256,4433748447232,551098011656,585457750152,1342197768,35701936264,585457750016,551098011776,35701936128,1342197888,551098011656,585457750152,1342197768,35701936264,585457750016,551098011776,35701936128,1342197888,
145249955479592976,2684395536,1134767403737104,2684395536,71403872272,2684395536,71403872272,2684395536,145249955479592960,2684395520,1134767403737088,2684395520,71403872256,2684395520,71403872256,2684395520,8867496894480,2684395536,8867496894480,2684395536,71403872272,2684395536,71403872272,2684395536,8867496894464,2684395520,8867496894464,2684395520,71403872256,2684395520,71403872256,2684395520,
290499906664153120,290499906664153088,1073758240,1073758208,138512711712,138512711680,1073758240,1073758208,17730698756128,17730698756096,1073758240,1073758208,138512711712,138512711680,1073758240,1073758208,17730698756128,17730698756096,1073758240,1073758208,138512711712,138512711680,1073758240,1073758208,2269530512441376,2269530512441344,1073758240,1073758208,138512711712,138512711680,1073758240,1073758208,
1155177711057110024,4406636576768,4406636577792,2256206450262016,8590066696,8590065664,8590066688,8590065664,4406636577800,2256206450262016,4406636577792,1155177711057108992,8590066696,8590065664,8590066688,8590065664,4406636577800,1155177711057108992,2256206450263040,4406636576768,8590066696,8590065664,8590066688,8590065664,2256206450263048,4406636576768,1155177711057110016,4406636576768,8590066696,8590065664,8590066688,8590065664,
2310355426409252880,8817568186368,4512417195556864,8817568186368,21475164160,21475166208,21475166208,21475166224,2310355426409252864,8817568188432,4512417195558928,8817568186368,21475164160,21475164160,21475164160,21475166208,2310355426409250816,8817568188416,4512417195558912,8817568188432,21475166224,21475164160,21475164160,21475164160,2310355426409250816,8817568186368,4512417195556864,8817568188416,21475166208,21475166224,21475166224,21475164160,
4620711952330133792,4620710852818501632,9025933902745888,9024834391113728,18734648000512,42950328576,18734648000512,42950328576,4620710852818506016,4620711952330133760,9024834391118112,9025933902745856,17635136372736,18734648000512,17635136372736,18734648000512,1142461956096,4620710852818505984,1142461956096,9024834391118080,18734648004896,17635136372736,18734648004896,17635136372736,42950328320,1142461956096,42950328320,1142461956096,17635136377120,18734648004864,17635136377120,18734648004864,1142461960480,42950328320,1142461960480,42950328320,1142461956096,17635136377088,1142461956096,17635136377088,42950332704,1142461960448,42950332704,1142461960448,42950328320,1142461956096,42950328320,1142461956096,4620711952330133536,42950332672,9025933902745632,42950332672,1142461960480,42950328320,1142461960480,42950328320,4620710852818505760,4620711952330133504,9024834391117856,9025933902745600,42950332704,1142461960448,42950332704,1142461960448,4620711952330129664,4620710852818505728,9025933902741760,9024834391117824,18734648004640,42950332672,18734648004640,42950332672,4620710852818501888,4620711952330129664,9024834391113984,9025933902741760,17635136376864,18734648004608,17635136376864,18734648004608,1142461960224,4620710852818501888,1142461960224,9024834391113984,18734648000768,17635136376832,18734648000768,17635136376832,42950332448,1142461960192,42950332448,1142461960192,17635136372992,18734648000768,17635136372992,18734648000768,1142461956352,42950332416,1142461956352,42950332416,1142461960224,17635136372992,1142461960224,17635136372992,42950328576,1142461956352,42950328576,1142461956352,42950332448,1142461960192,42950332448,1142461960192,4620711952330129408,42950328576,9025933902741504,42950328576,1142461956352,42950332416,1142461956352,42950332416,4620710852818501632,4620711952330129408,9024834391113728,9025933902741504,42950328576,1142461956352,42950328576,1142461956352,
-9205038694072573375,-9205038694072573376,283759900631040,283759900631040,18049668782227456,18049668782227456,85900656640,85900656640,-9205320169049284031,-9205320169049284032,2284923920384,2284923920384,18049668782227456,18049668782227456,85900656640,85900656640,283759900623361,283759900623360,-9205038694072573439,-9205038694072573440,85900664896,85900664896,18049668782227456,18049668782227456,2284923912705,2284923912704,-9205320169049284095,-9205320169049284096,85900664896,85900664896,18049668782227456,18049668782227456,318944272712193,318944272712192,283759900623361,283759900623360,-9205322368072539583,-9205322368072539584,85900664832,85900664832,37469296001537,37469296001536,2284923912705,2284923912704,-9205322368072539583,-9205322368072539584,85900664832,85900664832,283759900623361,283759900623360,318944272712193,318944272712192,85900657153,85900657152,-9205322368072539647,-9205322368072539648,2284923912705,2284923912704,37469296001537,37469296001536,85900657153,85900657152,-9205322368072539647,-9205322368072539648,-9205038694072573888,-9205038694072573888,283759900623361,283759900623360,35270272745985,35270272745984,85900657153,85900657152,-9205320169049284544,-9205320169049284544,2284923912705,2284923912704,35270272745985,35270272745984,85900657153,85900657152,283759900622848,283759900622848,-9205038694072573952,-9205038694072573952,85900657153,85900657152,35270272745985,35270272745984,2284923912192,2284923912192,-9205320169049284608,-9205320169049284608,85900657153,85900657152,35270272745985,35270272745984,318944272711680,318944272711680,283759900622848,283759900622848,-9205322368072540096,-9205322368072540096,85900657153,85900657152,37469296001024,37469296001024,2284923912192,2284923912192,-9205322368072540096,-9205322368072540096,85900657153,85900657152,283759900622848,283759900622848,318944272711680,318944272711680,85900656640,85900656640,-9205322368072540160,-9205322368072540160,2284923912192,2284923912192,37469296001024,37469296001024,85900656640,85900656640,-9205322368072540160,-9205322368072540160,318944272720449,318944272720448,283759900622848,283759900622848,35270272745472,35270272745472,85900656640,85900656640,37469296009793,37469296009792,2284923912192,2284923912192,35270272745472,35270272745472,85900656640,85900656640,283759900631617,283759900631616,318944272720385,318944272720384,85900656640,85900656640,35270272745472,35270272745472,2284923920961,2284923920960,37469296009729,37469296009728,85900656640,85900656640,35270272745472,35270272745472,18333342782202433,18333342782202432,283759900631553,283759900631552,35270272754241,35270272754240,85900656640,85900656640,18051867805491777,18051867805491776,2284923920897,2284923920896,35270272754241,35270272754240,85900656640,85900656640,283759900623361,283759900623360,18333342782202369,18333342782202368,85900665409,85900665408,35270272754177,35270272754176,2284923912705,2284923912704,18051867805491713,18051867805491712,85900665409,85900665408,35270272754177,35270272754176,318944272719936,318944272719936,283759900623361,283759900623360,18049668782236225,18049668782236224,85900665345,85900665344,37469296009280,37469296009280,2284923912705,2284923912704,18049668782236225,18049668782236224,85900665345,85900665344,283759900631104,283759900631104,318944272719872,318944272719872,85900657153,85900657152,18049668782236161,18049668782236160,2284923920448,2284923920448,37469296009216,37469296009216,85900657153,85900657152,18049668782236161,18049668782236160,18333342782201920,18333342782201920,283759900631040,283759900631040,35270272753728,35270272753728,85900657153,85900657152,18051867805491264,18051867805491264,2284923920384,2284923920384,35270272753728,35270272753728,85900657153,85900657152,283759900622848,283759900622848,18333342782201856,18333342782201856,85900664896,85900664896,35270272753664,35270272753664,2284923912192,2284923912192,18051867805491200,18051867805491200,85900664896,85900664896,35270272753664,35270272753664,-9205038694072581631,-9205038694072581632,283759900622848,283759900622848,18049668782235712,18049668782235712,85900664832,85900664832,-9205320169049292287,-9205320169049292288,2284923912192,2284923912192,18049668782235712,18049668782235712,85900664832,85900664832,283759900631617,283759900631616,-9205038694072581631,-9205038694072581632,85900656640,85900656640,18049668782235648,18049668782235648,2284923920961,2284923920960,-9205320169049292287,-9205320169049292288,85900656640,85900656640,18049668782235648,18049668782235648,318944272720449,318944272720448,283759900631553,283759900631552,-9205322368072547839,-9205322368072547840,85900656640,85900656640,37469296009793,37469296009792,2284923920897,2284923920896,-9205322368072547839,-9205322368072547840,85900656640,85900656640,283759900631617,283759900631616,318944272720385,318944272720384,85900665409,85900665408,-9205322368072547839,-9205322368072547840,2284923920961,2284923920960,37469296009729,37469296009728,85900665409,85900665408,-9205322368072547839,-9205322368072547840,-9205038694072582144,-9205038694072582144,283759900631553,283759900631552,35270272754241,35270272754240,85900665345,85900665344,-9205320169049292800,-9205320169049292800,2284923920897,2284923920896,35270272754241,35270272754240,85900665345,85900665344,283759900631104,283759900631104,-9205038694072582144,-9205038694072582144,85900665409,85900665408,35270272754177,35270272754176,2284923920448,2284923920448,-9205320169049292800,-9205320169049292800,85900665409,85900665408,35270272754177,35270272754176,318944272719936,318944272719936,283759900631040,283759900631040,-9205322368072548352,-9205322368072548352,85900665345,85900665344,37469296009280,37469296009280,2284923920384,2284923920384,-9205322368072548352,-9205322368072548352,85900665345,85900665344,283759900631104,283759900631104,318944272719872,318944272719872,85900664896,85900664896,-9205322368072548352,-9205322368072548352,2284923920448,2284923920448,37469296009216,37469296009216,85900664896,85900664896,-9205322368072548352,-9205322368072548352,318944272712193,318944272712192,283759900631040,283759900631040,35270272753728,35270272753728,85900664832,85900664832,37469296001537,37469296001536,2284923920384,2284923920384,35270272753728,35270272753728,85900664832,85900664832,283759900623361,283759900623360,318944272712193,318944272712192,85900664896,85900664896,35270272753664,35270272753664,2284923912705,2284923912704,37469296001537,37469296001536,85900664896,85900664896,35270272753664,35270272753664,18333342782194177,18333342782194176,283759900623361,283759900623360,35270272745985,35270272745984,85900664832,85900664832,18051867805483521,18051867805483520,2284923912705,2284923912704,35270272745985,35270272745984,85900664832,85900664832,283759900631617,283759900631616,18333342782194177,18333342782194176,85900657153,85900657152,35270272745985,35270272745984,2284923920961,2284923920960,18051867805483521,18051867805483520,85900657153,85900657152,35270272745985,35270272745984,318944272711680,318944272711680,283759900631553,283759900631552,18049668782227969,18049668782227968,85900657153,85900657152,37469296001024,37469296001024,2284923920897,2284923920896,18049668782227969,18049668782227968,85900657153,85900657152,283759900622848,283759900622848,318944272711680,318944272711680,85900665409,85900665408,18049668782227969,18049668782227968,2284923912192,2284923912192,37469296001024,37469296001024,85900665409,85900665408,18049668782227969,18049668782227968,18333342782193664,18333342782193664,283759900622848,283759900622848,35270272745472,35270272745472,85900665345,85900665344,18051867805483008,18051867805483008,2284923912192,2284923912192,35270272745472,35270272745472,85900665345,85900665344,283759900631104,283759900631104,18333342782193664,18333342782193664,85900656640,85900656640,35270272745472,35270272745472,2284923920448,2284923920448,18051867805483008,18051867805483008,85900656640,85900656640,35270272745472,35270272745472,
108724279602332802,108724279602316290,171801330816,171801314304,36666685564403712,36666685564387328,171801329664,171801313280,108724279602332800,108724279602316288,36103735610983554,36103735610967042,36666685564403712,36666685564387328,36103735610982400,36103735610966016,36099337564472450,36099337564455938,36103735610983552,36103735610967040,36099337564471296,36099337564454912,36103735610982400,36103735610966016,36099337564472448,36099337564455936,36099337564472450,36099337564455938,36099337564471296,36099337564454912,36099337564471296,36099337564454912,637888545439872,637888545423360,36099337564472448,36099337564455936,637888545440770,637888545424386,36099337564471296,36099337564454912,637888545439872,637888545423360,74938592018560,74938592002048,637888545440768,637888545424384,74938592019458,74938592003074,70540545507456,70540545490944,74938592018560,74938592002048,70540545508354,70540545491970,74938592019456,74938592003072,70540545507456,70540545490944,70540545507456,70540545490944,70540545508352,70540545491968,70540545508354,70540545491970,72625113839191170,72625113839174658,70540545507456,70540545490944,567519801262080,567519801245696,70540545508352,70540545491968,72625113839191168,72625113839174656,4569847841922,4569847825410,567519801262080,567519801245696,4569847840768,4569847824384,171801330818,171801314306,4569847841920,4569847825408,171801329664,171801313280,4569847840768,4569847824384,171801330816,171801314304,171801330818,171801314306,171801329664,171801313280,171801329664,171801313280,567519801262208,567519801245696,171801330816,171801314304,567519801263106,567519801246722,171801329664,171801313280,567519801262208,567519801245696,4569847840896,4569847824384,567519801263104,567519801246720,4569847841794,4569847825410,171801329792,171801313280,4569847840896,4569847824384,171801330690,171801314306,4569847841792,4569847825408,171801329792,171801313280,171801329792,171801313280,171801330688,171801314304,171801330690,171801314306,108724279602331776,108724279602315264,171801329792,171801313280,108724279602332674,108724279602316290,171801330688,171801314304,108724279602331776,108724279602315264,36103735610982528,36103735610966016,108724279602332672,108724279602316288,36103735610983426,36103735610967042,36099337564471424,36099337564454912,36103735610982528,36103735610966016,36099337564472322,36099337564455938,36103735610983424,36103735610967040,36099337564471424,36099337564454912,36099337564471424,36099337564454912,36099337564472320,36099337564455936,36099337564472322,36099337564455938,72695482583368834,72695482583352322,36099337564471424,36099337564454912,637888545439744,637888545423360,36099337564472320,36099337564455936,72695482583368832,72695482583352320,74938592019586,74938592003074,637888545439744,637888545423360,74938592018432,74938592002048,70540545508482,70540545491970,74938592019584,74938592003072,70540545507328,70540545490944,74938592018432,74938592002048,70540545508480,70540545491968,70540545508482,70540545491970,70540545507328,70540545490944,70540545507328,70540545490944,72625113839190144,72625113839173632,70540545508480,70540545491968,72625113839191042,72625113839174658,70540545507328,70540545490944,72625113839190144,72625113839173632,4569847840896,4569847824384,72625113839191040,72625113839174656,4569847841794,4569847825410,171801329792,171801313280,4569847840896,4569847824384,171801330690,171801314306,4569847841792,4569847825408,171801329792,171801313280,171801329792,171801313280,171801330688,171801314304,171801330690,171801314306,72625113839191170,72625113839174658,171801329792,171801313280,567519801262080,567519801245696,171801330688,171801314304,72625113839191168,72625113839174656,4569847841922,4569847825410,567519801262080,567519801245696,4569847840768,4569847824384,171801330818,171801314306,4569847841920,4569847825408,171801329664,171801313280,4569847840768,4569847824384,171801330816,171801314304,171801330818,171801314306,171801329664,171801313280,171801329664,171801313280,36666685564404866,36666685564388354,171801330816,171801314304,108724279602331648,108724279602315264,171801329664,171801313280,36666685564404864,36666685564388352,36103735610983554,36103735610967042,108724279602331648,108724279602315264,36103735610982400,36103735610966016,36099337564472450,36099337564455938,36103735610983552,36103735610967040,36099337564471296,36099337564454912,36103735610982400,36103735610966016,36099337564472448,36099337564455936,36099337564472450,36099337564455938,36099337564471296,36099337564454912,36099337564471296,36099337564454912,72695482583367808,72695482583351296,36099337564472448,36099337564455936,72695482583368706,72695482583352322,36099337564471296,36099337564454912,72695482583367808,72695482583351296,74938592018560,74938592002048,72695482583368704,72695482583352320,74938592019458,74938592003074,70540545507456,70540545490944,74938592018560,74938592002048,70540545508354,70540545491970,74938592019456,74938592003072,70540545507456,70540545490944,70540545507456,70540545490944,70540545508352,70540545491968,70540545508354,70540545491970,567519801263234,567519801246722,70540545507456,70540545490944,72625113839190016,72625113839173632,70540545508352,70540545491968,567519801263232,567519801246720,4569847841922,4569847825410,72625113839190016,72625113839173632,4569847840768,4569847824384,171801330818,171801314306,4569847841920,4569847825408,171801329664,171801313280,4569847840768,4569847824384,171801330816,171801314304,171801330818,171801314306,171801329664,171801313280,171801329664,171801313280,72625113839190144,72625113839173632,171801330816,171801314304,72625113839191042,72625113839174658,171801329664,171801313280,72625113839190144,72625113839173632,4569847840896,4569847824384,72625113839191040,72625113839174656,4569847841794,4569847825410,171801329792,171801313280,4569847840896,4569847824384,171801330690,171801314306,4569847841792,4569847825408,171801329792,171801313280,171801329792,171801313280,171801330688,171801314304,171801330690,171801314306,36666685564403840,36666685564387328,171801329792,171801313280,36666685564404738,36666685564388354,171801330688,171801314304,36666685564403840,36666685564387328,36103735610982528,36103735610966016,36666685564404736,36666685564388352,36103735610983426,36103735610967042,36099337564471424,36099337564454912,36103735610982528,36103735610966016,36099337564472322,36099337564455938,36103735610983424,36103735610967040,36099337564471424,36099337564454912,36099337564471424,36099337564454912,36099337564472320,36099337564455936,36099337564472322,36099337564455938,637888545440898,637888545424386,36099337564471424,36099337564454912,72695482583367680,72695482583351296,36099337564472320,36099337564455936,637888545440896,637888545424384,74938592019586,74938592003074,72695482583367680,72695482583351296,74938592018432,74938592002048,70540545508482,70540545491970,74938592019584,74938592003072,70540545507328,70540545490944,74938592018432,74938592002048,70540545508480,70540545491968,70540545508482,70540545491970,70540545507328,70540545490944,70540545507328,70540545490944,567519801262208,567519801245696,70540545508480,70540545491968,567519801263106,567519801246722,70540545507328,70540545490944,567519801262208,567519801245696,4569847840896,4569847824384,567519801263104,567519801246720,4569847841794,4569847825410,171801329792,171801313280,4569847840896,4569847824384,171801330690,171801314306,4569847841792,4569847825408,171801329792,171801313280,171801329792,171801313280,171801330688,171801314304,171801330690,171801314306,567519801263234,567519801246722,171801329792,171801313280,72625113839190016,72625113839173632,171801330688,171801314304,567519801263232,567519801246720,4569847841922,4569847825410,72625113839190016,72625113839173632,4569847840768,4569847824384,171801330818,171801314306,4569847841920,4569847825408,171801329664,171801313280,4569847840768,4569847824384,171801330816,171801314304,171801330818,171801314306,171801329664,171801313280,171801329664,171801313280,
145390965166737412,149877184038916,145390965166735360,149877184036864,1275777090881540,149877184038916,1275777090879488,149877184036864,145390965166704644,149877184006148,145390965166702592,149877184004096,1275777090848772,149877184006148,1275777090846720,149877184004096,141081091016708,141081091016708,141081091014656,141081091014656,141081091016708,141081091016708,141081091014656,141081091014656,141081090983940,141081090983940,141081090981888,141081090981888,141081090983940,141081090983940,141081090981888,141081090981888,145250227678382080,9139695683584,145250227678380032,9139695681536,1135039602526208,9139695683584,1135039602524160,9139695681536,145250227678349312,9139695650816,145250227678347264,9139695648768,1135039602493440,9139695650816,1135039602491392,9139695648768,343602661376,343602661376,343602659328,343602659328,343602661376,343602661376,343602659328,343602659328,343602628608,343602628608,343602626560,343602626560,343602628608,343602628608,343602626560,343602626560,145250227678382084,9139695683588,145250227678380032,9139695681536,1135039602526212,9139695683588,1135039602524160,9139695681536,145250227678349316,9139695650820,145250227678347264,9139695648768,1135039602493444,9139695650820,1135039602491392,9139695648768,343602661380,343602661380,343602659328,343602659328,343602661380,343602661380,343602659328,343602659328,343602628612,343602628612,343602626560,343602626560,343602628612,343602628612,343602626560,343602626560,145390965166737408,149877184038912,145390965166735360,149877184036864,1275777090881536,149877184038912,1275777090879488,149877184036864,145390965166704640,149877184006144,145390965166702592,149877184004096,1275777090848768,149877184006144,1275777090846720,149877184004096,141081091016704,141081091016704,141081091014656,141081091014656,141081091016704,141081091016704,141081091014656,141081091014656,141081090983936,141081090983936,141081090981888,141081090981888,141081090983936,141081090983936,141081090981888,141081090981888,
290500455356698632,18279391301640,687205257216,2270079204982784,18279391297536,687205253120,290500455356698624,18279391301632,687205257224,687205257224,18279391297536,687205253120,687205253120,2270079204986888,687205257216,687205257216,290500455356694528,18279391297536,687205253120,2270079204986880,18279391301640,687205257224,290500455356694528,18279391297536,687205253120,687205253120,18279391301632,687205257216,687205257224,2270079204982784,687205253120,687205253120,
580999811184992272,580999811184984064,35459254190080,35459254198272,274882109456,274882101248,274882101248,274882109440,4539058881568784,4539058881560576,35459254198288,35459254190080,274882109456,274882101248,274882109456,274882101248,580999811184984064,580999811184992256,35459254198288,35459254190080,274882101248,274882109440,274882109456,274882101248,4539058881560576,4539058881568768,35459254190080,35459254198272,274882101248,274882109440,274882101248,274882109440,
577588851267340304,1128098963916816,577588851267340288,1128098963916800,2199057074192,2199057074192,2199057074176,2199057074176,577588851267076096,1128098963652608,577588851267076096,1128098963652608,2199056809984,2199056809984,2199056809984,2199056809984,577588851267076096,1128098963652608,577588851267076096,1128098963652608,2199056809984,2199056809984,2199056809984,2199056809984,577588851267338240,1128098963914752,577588851267338240,1128098963914752,2199057072128,2199057072128,2199057072128,2199057072128,
1155178802063085600,2257297456238624,5497642024960,5497642024960,5497642553376,5497642553376,1155178802062557184,2257297455710208,1155178802063081472,2257297456234496,5497642024960,5497642024960,5497642549248,5497642549248,1155178802062557184,2257297455710208,1155178802063085568,2257297456238592,5497642024960,5497642024960,5497642553344,5497642553344,1155178802062557184,2257297455710208,1155178802063081472,2257297456234496,5497642024960,5497642024960,5497642549248,5497642549248,1155178802062557184,2257297455710208,
2310639079102947392,2310639079102873600,4796069888196608,4796069888131072,2310357604126236736,2310357604126162944,4514594911485952,4514594911420416,2310639079101825024,292470260826112,4796069889187840,292470261874688,2310357604125114368,10995284115456,4514594912477184,10995285164032,292470261882944,292470261809152,292470260826112,292470260760576,10995285172288,10995285098496,10995284115456,10995284049920,292470260760576,2310639079102939136,292470261817344,4796069888196608,10995284049920,2310357604126228480,10995285106688,4514594911485952,2310639079101890560,2310639079101825024,4796069889253440,4796069889179648,2310357604125179904,2310357604125114368,4514594912542784,4514594912468992,2310639079102881856,292470261874688,4796069888131072,292470260826112,2310357604126171200,10995285164032,4514594911420416,10995284115456,292470260826112,292470260760576,292470261882944,292470261809152,10995284115456,10995284049920,10995285172288,10995285098496,292470261817408,2310639079101890560,292470260760576,4796069889245184,10995285106752,2310357604125179904,10995284049920,4514594912534528,2310639079102947328,2310639079102873600,4796069888196608,4796069888131072,2310357604126236672,2310357604126162944,4514594911485952,4514594911420416,2310639079101825024,292470260826112,4796069889187904,292470261874688,2310357604125114368,10995284115456,4514594912477248,10995285164032,292470261882880,292470261809152,292470260826112,292470260760576,10995285172224,10995285098496,10995284115456,10995284049920,292470260760576,2310639079102939136,292470261817408,4796069888196608,10995284049920,2310357604126228480,10995285106752,4514594911485952,2310639079101890560,2310639079101825024,4796069889253376,4796069889179648,2310357604125179904,2310357604125114368,4514594912542720,4514594912468992,2310639079102881792,292470261874688,4796069888131072,292470260826112,2310357604126171136,10995285164032,4514594911420416,10995284115456,292470260826112,292470260760576,292470261882880,292470261809152,10995284115456,10995284049920,10995285172224,10995285098496,292470261817344,2310639079101890560,292470260760576,4796069889245184,10995285106688,2310357604125179904,10995284049920,4514594912534528,
4693335752243822976,21990568231168,21990570196992,72642534559449088,4621278158205895040,21990568231168,21990570196992,584940521521152,4693335752243691648,21990568099840,4693335752243822848,21990568231168,4621278158205763712,21990568099840,4621278158205894912,21990568231168,72642534561677312,21990568230912,4693335752243691520,21990568099840,584940523749376,21990568230912,4621278158205763584,21990568099840,72642534561546240,21990568099840,72642534561677312,21990568230912,584940523618304,21990568099840,584940523749376,21990568230912,4620715208252473728,4693335752241709312,72642534561546240,21990568099840,4620715208252473728,4621278158203781376,584940523618304,21990568099840,4620715208252342400,4693335752241577984,4620715208252473600,4693335752241709312,4620715208252342400,4621278158203650048,4620715208252473600,4621278158203781376,21990570328064,72642534559580160,4620715208252342272,4693335752241577984,21990570328064,584940521652224,4620715208252342272,4621278158203650048,21990570196992,72642534559449088,21990570328064,72642534559580160,21990570196992,584940521521152,21990570328064,584940521652224,81649733816435072,4620715208250360064,21990570196992,72642534559449088,9592139778507136,4620715208250360064,21990570196992,584940521521152,81649733816303744,4620715208250228736,81649733816434944,4620715208250360064,9592139778375808,4620715208250228736,9592139778507008,4620715208250360064,4693335752243822720,21990568230912,81649733816303616,4620715208250228736,4621278158205894784,21990568230912,9592139778375680,4620715208250228736,4693335752243691648,21990568099840,4693335752243822592,21990568230912,4621278158205763712,21990568099840,4621278158205894656,21990568230912,9029189825085824,81649733814321408,4693335752243691520,21990568099840,9029189825085824,9592139776393472,4621278158205763584,21990568099840,9029189824954496,81649733814190080,9029189825085696,81649733814321408,9029189824954496,9592139776262144,9029189825085696,9592139776393472,4620715208252473472,4693335752241709056,9029189824954368,81649733814190080,4620715208252473472,4621278158203781120,9029189824954368,9592139776262144,4620715208252342400,4693335752241577984,4620715208252473344,4693335752241709056,4620715208252342400,4621278158203650048,4620715208252473344,4621278158203781120,72642534561694080,9029189822972160,4620715208252342272,4693335752241577984,584940523766144,9029189822972160,4620715208252342272,4621278158203650048,72642534561562752,9029189822840832,72642534561693952,9029189822972160,584940523634816,9029189822840832,584940523766016,9029189822972160,81649733816434816,4620715208250359808,72642534561562624,9029189822840832,9592139778506880,4620715208250359808,584940523634688,9029189822840832,81649733816303744,4620715208250228736,81649733816434688,4620715208250359808,9592139778375808,4620715208250228736,9592139778506752,4620715208250359808,21990570344832,72642534559580416,81649733816303616,4620715208250228736,21990570344832,584940521652480,9592139778375680,4620715208250228736,21990570213504,72642534559449088,21990570344704,72642534559580416,21990570213504,584940521521152,21990570344704,584940521652480,9029189825085568,81649733814321152,21990570213376,72642534559449088,9029189825085568,9592139776393216,21990570213376,584940521521152,9029189824954496,81649733814190080,9029189825085440,81649733814321152,9029189824954496,9592139776262144,9029189825085440,9592139776393216,72642534561694080,21990568231168,9029189824954368,81649733814190080,584940523766144,21990568231168,9029189824954368,9592139776262144,72642534561562752,21990568099840,72642534561693952,21990568231168,584940523634816,21990568099840,584940523766016,21990568231168,72642534561693824,9029189822971904,72642534561562624,21990568099840,584940523765888,9029189822971904,584940523634688,21990568099840,72642534561562752,9029189822840832,72642534561693696,9029189822971904,584940523634816,9029189822840832,584940523765760,9029189822971904,21990570344832,72642534559580416,72642534561562624,9029189822840832,21990570344832,584940521652480,584940523634688,9029189822840832,21990570213504,72642534559449088,21990570344704,72642534559580416,21990570213504,584940521521152,21990570344704,584940521652480,21990570344576,72642534559580160,21990570213376,72642534559449088,21990570344576,584940521652224,21990570213376,584940521521152,21990570213504,72642534559449088,21990570344448,72642534559580160,21990570213504,584940521521152,21990570344448,584940521652224,4693335752243806464,21990568231168,21990570213376,72642534559449088,4621278158205878528,21990568231168,21990570213376,584940521521152,4693335752243675136,21990568099840,4693335752243806464,21990568231168,4621278158205747200,21990568099840,4621278158205878528,21990568231168,72642534561693824,21990568230912,4693335752243675136,21990568099840,584940523765888,21990568230912,4621278158205747200,21990568099840,72642534561562752,21990568099840,72642534561693696,21990568230912,584940523634816,21990568099840,584940523765760,21990568230912,4620715208252457216,4693335752241709312,72642534561562624,21990568099840,4620715208252457216,4621278158203781376,584940523634688,21990568099840,4620715208252325888,4693335752241577984,4620715208252457216,4693335752241709312,4620715208252325888,4621278158203650048,4620715208252457216,4621278158203781376,21990570344576,72642534559580160,4620715208252325888,4693335752241577984,21990570344576,584940521652224,4620715208252325888,4621278158203650048,21990570213504,72642534559449088,21990570344448,72642534559580160,21990570213504,584940521521152,21990570344448,584940521652224,81649733816418560,4620715208250360064,21990570213376,72642534559449088,9592139778490624,4620715208250360064,21990570213376,584940521521152,81649733816287232,4620715208250228736,81649733816418560,4620715208250360064,9592139778359296,4620715208250228736,9592139778490624,4620715208250360064,4693335752243806208,21990568230912,81649733816287232,4620715208250228736,4621278158205878272,21990568230912,9592139778359296,4620715208250228736,4693335752243675136,21990568099840,4693335752243806208,21990568230912,4621278158205747200,21990568099840,4621278158205878272,21990568230912,9029189825069312,81649733814321408,4693335752243675136,21990568099840,9029189825069312,9592139776393472,4621278158205747200,21990568099840,9029189824937984,81649733814190080,9029189825069312,81649733814321408,9029189824937984,9592139776262144,9029189825069312,9592139776393472,4620715208252456960,4693335752241709056,9029189824937984,81649733814190080,4620715208252456960,4621278158203781120,9029189824937984,9592139776262144,4620715208252325888,4693335752241577984,4620715208252456960,4693335752241709056,4620715208252325888,4621278158203650048,4620715208252456960,4621278158203781120,72642534561677568,9029189822972160,4620715208252325888,4693335752241577984,584940523749632,9029189822972160,4620715208252325888,4621278158203650048,72642534561546240,9029189822840832,72642534561677568,9029189822972160,584940523618304,9029189822840832,584940523749632,9029189822972160,81649733816418304,4620715208250359808,72642534561546240,9029189822840832,9592139778490368,4620715208250359808,584940523618304,9029189822840832,81649733816287232,4620715208250228736,81649733816418304,4620715208250359808,9592139778359296,4620715208250228736,9592139778490368,4620715208250359808,21990570328320,72642534559580416,81649733816287232,4620715208250228736,21990570328320,584940521652480,9592139778359296,4620715208250228736,21990570196992,72642534559449088,21990570328320,72642534559580416,21990570196992,584940521521152,21990570328320,584940521652480,9029189825069056,81649733814321152,21990570196992,72642534559449088,9029189825069056,9592139776393216,21990570196992,584940521521152,9029189824937984,81649733814190080,9029189825069056,81649733814321152,9029189824937984,9592139776262144,9029189825069056,9592139776393216,72642534561677568,21990568231168,9029189824937984,81649733814190080,584940523749632,21990568231168,9029189824937984,9592139776262144,72642534561546240,21990568099840,72642534561677568,21990568231168,584940523618304,21990568099840,584940523749632,21990568231168,72642534561677312,9029189822971904,72642534561546240,21990568099840,584940523749376,9029189822971904,584940523618304,21990568099840,72642534561546240,9029189822840832,72642534561677312,9029189822971904,584940523618304,9029189822840832,584940523749376,9029189822971904,21990570328320,72642534559580416,72642534561546240,9029189822840832,21990570328320,584940521652480,584940523618304,9029189822840832,21990570196992,72642534559449088,21990570328320,72642534559580416,21990570196992,584940521521152,21990570328320,584940521652480,21990570328064,72642534559580160,21990570196992,72642534559449088,21990570328064,584940521652224,21990570196992,584940521521152,21990570196992,72642534559449088,21990570328064,72642534559580160,21990570196992,584940521521152,21990570328064,584940521652224,
-9060072569221905919,-9060072569222168576,43981136462336,43981136199680,-9204187757297761791,-9204187757298024448,-9060072569226132991,-9060072569226395648,43981140656128,43981140393984,-9204187757301988863,-9204187757302251520,43981140656128,43981140393984,43981136461824,43981136199680,-9060072569221906432,-9060072569222168576,43981136461824,43981136199680,-9204187757297762304,-9204187757298024448,-9060072569226133504,-9060072569226395648,-9060072569221905920,-9060072569222168576,-9204187757301989376,-9204187757302251520,-9204187757297761792,-9204187757298024448,-9060072569226132992,-9060072569226395648,-9205313657204604415,-9205313657204867072,-9204187757301988864,-9204187757302251520,-9205313657204604415,-9205313657204867072,-9205313657208831487,-9205313657209094144,-9060072569221906432,-9060072569222168576,-9205313657208831487,-9205313657209094144,-9204187757297762304,-9204187757298024448,-9060072569226133504,-9060072569226395648,-9205313657204604928,-9205313657204867072,-9204187757301989376,-9204187757302251520,-9205313657204604928,-9205313657204867072,-9205313657208832000,-9205313657209094144,-9205313657204604416,-9205313657204867072,-9205313657208832000,-9205313657209094144,-9205313657204604416,-9205313657204867072,-9205313657208831488,-9205313657209094144,163299467632869889,163299467632607232,-9205313657208831488,-9205313657209094144,19184279557014017,19184279556751360,163299467628642817,163299467628380160,-9205313657204604928,-9205313657204867072,19184279552786945,19184279552524288,-9205313657204604928,-9205313657204867072,-9205313657208832000,-9205313657209094144,163299467632869376,163299467632607232,-9205313657208832000,-9205313657209094144,19184279557013504,19184279556751360,163299467628642304,163299467628380160,163299467632869888,163299467632607232,19184279552786432,19184279552524288,19184279557014016,19184279556751360,163299467628642816,163299467628380160,18058379650171393,18058379649908736,19184279552786944,19184279552524288,18058379650171393,18058379649908736,18058379645944321,18058379645681664,163299467632869376,163299467632607232,18058379645944321,18058379645681664,19184279557013504,19184279556751360,163299467628642304,163299467628380160,18058379650170880,18058379649908736,19184279552786432,19184279552524288,18058379650170880,18058379649908736,18058379645943808,18058379645681664,18058379650171392,18058379649908736,18058379645943808,18058379645681664,18058379650171392,18058379649908736,18058379645944320,18058379645681664,145285069123387905,145285069123125248,18058379645944320,18058379645681664,1169881047532033,1169881047269376,145285069119160833,145285069118898176,18058379650170880,18058379649908736,1169881043304961,1169881043042304,18058379650170880,18058379649908736,18058379645943808,18058379645681664,145285069123387392,145285069123125248,18058379645943808,18058379645681664,1169881047531520,1169881047269376,145285069119160320,145285069118898176,145285069123387904,145285069123125248,1169881043304448,1169881043042304,1169881047532032,1169881047269376,145285069119160832,145285069118898176,43981140689409,43981140426752,1169881043304960,1169881043042304,43981140689409,43981140426752,43981136462337,43981136199680,145285069123387392,145285069123125248,43981136462337,43981136199680,1169881047531520,1169881047269376,145285069119160320,145285069118898176,43981140688896,43981140426752,1169881043304448,1169881043042304,43981140688896,43981140426752,43981136461824,43981136199680,43981140689408,43981140426752,43981136461824,43981136199680,43981140689408,43981140426752,43981136462336,43981136199680,145285069123387905,145285069123125248,43981136462336,43981136199680,1169881047532033,1169881047269376,145285069119160833,145285069118898176,43981140688896,43981140426752,1169881043304961,1169881043042304,43981140688896,43981140426752,43981136461824,43981136199680,145285069123387392,145285069123125248,43981136461824,43981136199680,1169881047531520,1169881047269376,145285069119160320,145285069118898176,145285069123387904,145285069123125248,1169881043304448,1169881043042304,1169881047532032,1169881047269376,145285069119160832,145285069118898176,43981140689409,43981140426752,1169881043304960,1169881043042304,43981140689409,43981140426752,43981136462337,43981136199680,145285069123387392,145285069123125248,43981136462337,43981136199680,1169881047531520,1169881047269376,145285069119160320,145285069118898176,43981140688896,43981140426752,1169881043304448,1169881043042304,43981140688896,43981140426752,43981136461824,43981136199680,43981140689408,43981140426752,43981136461824,43981136199680,43981140689408,43981140426752,43981136462336,43981136199680,-9060072569221938687,-9060072569222201344,43981136462336,43981136199680,-9204187757297794559,-9204187757298057216,-9060072569226132991,-9060072569226395648,43981140688896,43981140426752,-9204187757301988863,-9204187757302251520,43981140688896,43981140426752,43981136461824,43981136199680,-9060072569221939200,-9060072569222201344,43981136461824,43981136199680,-9204187757297795072,-9204187757298057216,-9060072569226133504,-9060072569226395648,-9060072569221938688,-9060072569222201344,-9204187757301989376,-9204187757302251520,-9204187757297794560,-9204187757298057216,-9060072569226132992,-9060072569226395648,-9205313657204637183,-9205313657204899840,-9204187757301988864,-9204187757302251520,-9205313657204637183,-9205313657204899840,-9205313657208831487,-9205313657209094144,-9060072569221939200,-9060072569222201344,-9205313657208831487,-9205313657209094144,-9204187757297795072,-9204187757298057216,-9060072569226133504,-9060072569226395648,-9205313657204637696,-9205313657204899840,-9204187757301989376,-9204187757302251520,-9205313657204637696,-9205313657204899840,-9205313657208832000,-9205313657209094144,-9205313657204637184,-9205313657204899840,-9205313657208832000,-9205313657209094144,-9205313657204637184,-9205313657204899840,-9205313657208831488,-9205313657209094144,163299467632837121,163299467632574464,-9205313657208831488,-9205313657209094144,19184279556981249,19184279556718592,163299467628642817,163299467628380160,-9205313657204637696,-9205313657204899840,19184279552786945,19184279552524288,-9205313657204637696,-9205313657204899840,-9205313657208832000,-9205313657209094144,163299467632836608,163299467632574464,-9205313657208832000,-9205313657209094144,19184279556980736,19184279556718592,163299467628642304,163299467628380160,163299467632837120,163299467632574464,19184279552786432,19184279552524288,19184279556981248,19184279556718592,163299467628642816,163299467628380160,18058379650138625,18058379649875968,19184279552786944,19184279552524288,18058379650138625,18058379649875968,18058379645944321,18058379645681664,163299467632836608,163299467632574464,18058379645944321,18058379645681664,19184279556980736,19184279556718592,163299467628642304,163299467628380160,18058379650138112,18058379649875968,19184279552786432,19184279552524288,18058379650138112,18058379649875968,18058379645943808,18058379645681664,18058379650138624,18058379649875968,18058379645943808,18058379645681664,18058379650138624,18058379649875968,18058379645944320,18058379645681664,145285069123355137,145285069123092480,18058379645944320,18058379645681664,1169881047499265,1169881047236608,145285069119160833,145285069118898176,18058379650138112,18058379649875968,1169881043304961,1169881043042304,18058379650138112,18058379649875968,18058379645943808,18058379645681664,145285069123354624,145285069123092480,18058379645943808,18058379645681664,1169881047498752,1169881047236608,145285069119160320,145285069118898176,145285069123355136,145285069123092480,1169881043304448,1169881043042304,1169881047499264,1169881047236608,145285069119160832,145285069118898176,43981140656641,43981140393984,1169881043304960,1169881043042304,43981140656641,43981140393984,43981136462337,43981136199680,145285069123354624,145285069123092480,43981136462337,43981136199680,1169881047498752,1169881047236608,145285069119160320,145285069118898176,43981140656128,43981140393984,1169881043304448,1169881043042304,43981140656128,43981140393984,43981136461824,43981136199680,43981140656640,43981140393984,43981136461824,43981136199680,43981140656640,43981140393984,43981136462336,43981136199680,145285069123355137,145285069123092480,43981136462336,43981136199680,1169881047499265,1169881047236608,145285069119160833,145285069118898176,43981140656128,43981140393984,1169881043304961,1169881043042304,43981140656128,43981140393984,43981136461824,43981136199680,145285069123354624,145285069123092480,43981136461824,43981136199680,1169881047498752,1169881047236608,145285069119160320,145285069118898176,145285069123355136,145285069123092480,1169881043304448,1169881043042304,1169881047499264,1169881047236608,145285069119160832,145285069118898176,43981140656641,43981140393984,1169881043304960,1169881043042304,43981140656641,43981140393984,43981136462337,43981136199680,145285069123354624,145285069123092480,43981136462337,43981136199680,1169881047498752,1169881047236608,145285069119160320,145285069118898176,43981140656128,43981140393984,1169881043304448,1169881043042304,43981140656128,43981140393984,43981136461824,43981136199680,43981140656640,43981140393984,43981136461824,43981136199680,43981140656640,43981140393984,43981136462336,43981136199680,
326598935265674242,326598935265673216,2339762094998530,2339762094997504,326598935265674240,326598935265673216,2339762094998528,2339762094997504,326598935265148928,326598935265148928,2339762094473216,2339762094473216,326598935265148928,326598935265148928,2339762094473216,2339762094473216,36116759300277250,36116759300276224,87962281313282,87962281312256,36116759300277248,36116759300276224,87962281313280,87962281312256,36116759299751936,36116759299751936,87962280787968,87962280787968,36116759299751936,36116759299751936,87962280787968,87962280787968,326598935257285634,326598935257284608,2339762086609922,2339762086608896,326598935257285632,326598935257284608,2339762086609920,2339762086608896,326598935256760320,326598935256760320,2339762086084608,2339762086084608,326598935256760320,326598935256760320,2339762086084608,2339762086084608,36116759291888642,36116759291887616,87962272924674,87962272923648,36116759291888640,36116759291887616,87962272924672,87962272923648,36116759291363328,36116759291363328,87962272399360,87962272399360,36116759291363328,36116759291363328,87962272399360,87962272399360,38368559113962498,38368559113961472,290570138246710274,290570138246709248,38368559113962496,38368559113961472,290570138246710272,290570138246709248,38368559113437184,38368559113437184,290570138246184960,290570138246184960,38368559113437184,38368559113437184,290570138246184960,290570138246184960,36116759300277250,36116759300276224,87962281313282,87962281312256,36116759300277248,36116759300276224,87962281313280,87962281312256,36116759299751936,36116759299751936,87962280787968,87962280787968,36116759299751936,36116759299751936,87962280787968,87962280787968,38368559105573890,38368559105572864,290570138238321666,290570138238320640,38368559105573888,38368559105572864,290570138238321664,290570138238320640,38368559105048576,38368559105048576,290570138237796352,290570138237796352,38368559105048576,38368559105048576,290570138237796352,290570138237796352,36116759291888642,36116759291887616,87962272924674,87962272923648,36116759291888640,36116759291887616,87962272924672,87962272923648,36116759291363328,36116759291363328,87962272399360,87962272399360,36116759291363328,36116759291363328,87962272399360,87962272399360,
581140276476643332,581140276475592704,4679524173219844,4679524172169216,175924545847296,175924544798720,175924545847296,175924544798720,581140276476643328,581140276475592704,4679524173219840,4679524172169216,175924545847296,175924544798720,175924545847296,175924544798720,175924545849348,175924544798720,175924545849348,175924544798720,581140276476641280,581140276475592704,4679524173217792,4679524172169216,175924545849344,175924544798720,175924545849344,175924544798720,581140276476641280,581140276475592704,4679524173217792,4679524172169216,
1161999073681608712,70369820016640,70369817919488,1161999073679507456,1161999073681608704,70369820016640,70369817919488,1161999073679507456,70369820020744,1161999073681604608,9077569072660480,70369817919488,70369820020736,1161999073681604608,9077569072660480,70369817919488,9077569074761736,70369820016640,70369817919488,9077569072660480,9077569074761728,70369820016640,70369817919488,9077569072660480,70369820020744,9077569074757632,1161999073679507456,70369817919488,70369820020736,9077569074757632,1161999073679507456,70369817919488,
288793334762704928,288793334695067648,562958610993184,562958543355904,288793334762704896,288793334695067648,562958610993152,562958543355904,288793334762700800,288793334695067648,562958610989056,562958543355904,288793334762700800,288793334695067648,562958610989056,562958543355904,288793334762176512,288793334695067648,562958610464768,562958543355904,288793334762176512,288793334695067648,562958610464768,562958543355904,288793334762176512,288793334695067648,562958610464768,562958543355904,288793334762176512,288793334695067648,562958610464768,562958543355904,
577868148797087808,1407396492607488,577868148661813248,1407396358389760,577868148797079552,577868148797087744,577868148661813248,577868148661813248,577868148796030976,577868148797079552,577868148661813248,577868148661813248,577868148796030976,577868148796030976,577868148661813248,577868148661813248,1407396493664320,577868148796030976,1407396358389760,577868148661813248,1407396493656064,1407396493664256,1407396358389760,1407396358389760,1407396492607488,1407396493656064,1407396358389760,1407396358389760,1407396492607488,1407396492607488,1407396358389760,1407396358389760,
1227793891648880768,1227793891646767104,74872386771484672,74872386771484672,1155736297610952832,1155736297608839168,2814792733556736,2814792733556736,1227793891361554432,1227793891361554432,74872387025240064,74872387023142912,1155736297323626496,1155736297323626496,2814792987312128,2814792985214976,74872387042033792,74872387039920128,1227793891648880640,1227793891646767104,2814793004105856,2814793001992192,1155736297610952704,1155736297608839168,74872386754707456,74872386754707456,1227793891361554432,1227793891361554432,2814792716779520,2814792716779520,1155736297323626496,1155736297323626496,1227793891378331648,1227793891378331648,74872387042033664,74872387039920128,1155736297340403712,1155736297340403712,2814793004105728,2814793001992192,1227793891632103552,1227793891629989888,74872386754707456,74872386754707456,1155736297594175616,1155736297592061952,2814792716779520,2814792716779520,74872386771484672,74872386771484672,1227793891378331648,1227793891378331648,2814792733556736,2814792733556736,1155736297340403712,1155736297340403712,74872387025256576,74872387023142912,1227793891632103424,1227793891629989888,2814792987328640,2814792985214976,1155736297594175488,1155736297592061952,1227793891648864256,1227793891646767104,74872386771484672,74872386771484672,1155736297610936320,1155736297608839168,2814792733556736,2814792733556736,1227793891361554432,1227793891361554432,74872387025256448,74872387023142912,1155736297323626496,1155736297323626496,2814792987328512,2814792985214976,74872387042017280,74872387039920128,1227793891648864256,1227793891646767104,2814793004089344,2814793001992192,1155736297610936320,1155736297608839168,74872386754707456,74872386754707456,1227793891361554432,1227793891361554432,2814792716779520,2814792716779520,1155736297323626496,1155736297323626496,1227793891378331648,1227793891378331648,74872387042017280,74872387039920128,1155736297340403712,1155736297340403712,2814793004089344,2814793001992192,1227793891632087040,1227793891629989888,74872386754707456,74872386754707456,1155736297594159104,1155736297592061952,2814792716779520,2814792716779520,74872386771484672,74872386771484672,1227793891378331648,1227793891378331648,2814792733556736,2814792733556736,1155736297340403712,1155736297340403712,74872387025240064,74872387023142912,1227793891632087040,1227793891629989888,2814792987312128,2814792985214976,1155736297594159104,1155736297592061952,
2455587783297826816,2455587783293599744,2455587782756728832,2455587782756728832,2311472595221970944,2311472595217743872,2311472594680872960,2311472594680872960,2455587783297728512,2455587783293534208,2455587782756663296,2455587782756663296,2311472595221872640,2311472595217678336,2311472594680807424,2311472594680807424,149744774084132864,149744774079905792,149744773543034880,149744773543034880,5629586008276992,5629586004049920,5629585467179008,5629585467179008,149744774084034560,149744774079840256,149744773542969344,149744773542969344,5629586008178688,5629586003984384,5629585467113472,5629585467113472,2455587783264206848,2455587783259979776,2455587782723108864,2455587782723108864,2311472595188350976,2311472595184123904,2311472594647252992,2311472594647252992,2455587783264174080,2455587783259979776,2455587782723108864,2455587782723108864,2311472595188318208,2311472595184123904,2311472594647252992,2311472594647252992,149744774050512896,149744774046285824,149744773509414912,149744773509414912,5629585974657024,5629585970429952,5629585433559040,5629585433559040,149744774050480128,149744774046285824,149744773509414912,149744773509414912,5629585974624256,5629585970429952,5629585433559040,5629585433559040,2455587783297761280,2455587783293534208,2455587782756663296,2455587782756663296,2311472595221905408,2311472595217678336,2311472594680807424,2311472594680807424,2455587783297794048,2455587783293599744,2455587782756728832,2455587782756728832,2311472595221938176,2311472595217743872,2311472594680872960,2311472594680872960,149744774084067328,149744774079840256,149744773542969344,149744773542969344,5629586008211456,5629586003984384,5629585467113472,5629585467113472,149744774084100096,149744774079905792,149744773543034880,149744773543034880,5629586008244224,5629586004049920,5629585467179008,5629585467179008,2455587783264206848,2455587783259979776,2455587782723108864,2455587782723108864,2311472595188350976,2311472595184123904,2311472594647252992,2311472594647252992,2455587783264174080,2455587783259979776,2455587782723108864,2455587782723108864,2311472595188318208,2311472595184123904,2311472594647252992,2311472594647252992,149744774050512896,149744774046285824,149744773509414912,149744773509414912,5629585974657024,5629585970429952,5629585433559040,5629585433559040,149744774050480128,149744774046285824,149744773509414912,149744773509414912,5629585974624256,5629585970429952,5629585433559040,5629585433559040,
4911175566595588352,299489548168200448,4911175566587199744,299489548159811840,4622945190376636416,11259171949248512,4622945190368247808,11259171940859904,4911175565513326592,299489547085938688,4911175565513326592,299489547085938688,4622945189294505984,11259170867118080,4622945189294505984,11259170867118080,4911175565513457920,299489547086070016,4911175565513457920,299489547086070016,4622945189294505984,11259170867118080,4622945189294505984,11259170867118080,4622945190443876352,11259172016488448,4622945190435487744,11259172008099840,4911175566528348160,299489548100960256,4911175566519959552,299489548092571648,4911175566595457024,299489548168069120,4911175566587068416,299489548159680512,4622945190376636416,11259171949248512,4622945190368247808,11259171940859904,4622945189361745920,11259170934358016,4622945189361745920,11259170934358016,4911175565446217728,299489547018829824,4911175565446217728,299489547018829824,4911175565513326592,299489547085938688,4911175565513326592,299489547085938688,4622945189294505984,11259170867118080,4622945189294505984,11259170867118080,4622945190443745280,11259172016357376,4622945190435356672,11259172007968768,4911175566528348160,299489548100960256,4911175566519959552,299489548092571648,4622945190443876608,11259172016488704,4622945190435488000,11259172008100096,4911175566528348160,299489548100960256,4911175566519959552,299489548092571648,4622945189361614848,11259170934226944,4622945189361614848,11259170934226944,4911175565446217728,299489547018829824,4911175565446217728,299489547018829824,4622945189361746176,11259170934358272,4622945189361746176,11259170934358272,4911175565446217728,299489547018829824,4911175565446217728,299489547018829824,4911175566595588096,299489548168200192,4911175566587199488,299489548159811584,4622945190376636416,11259171949248512,4622945190368247808,11259171940859904,4622945190443745280,11259172016357376,4622945190435356672,11259172007968768,4911175566528348160,299489548100960256,4911175566519959552,299489548092571648,4911175565513457664,299489547086069760,4911175565513457664,299489547086069760,4622945189294505984,11259170867118080,4622945189294505984,11259170867118080,4622945189361614848,11259170934226944,4622945189361614848,11259170934226944,4911175565446217728,299489547018829824,4911175565446217728,299489547018829824,4911175566595457024,299489548168069120,4911175566587068416,299489548159680512,4622945190376636416,11259171949248512,4622945190368247808,11259171940859904,
-8624392940535152127,-8624392940669632512,-8624392940535152640,-8624392940669632512,-8624392942682635775,-8624392942817116160,-8624392942682636288,-8624392942817116160,-9200853692838575615,-9200853692973056000,-9200853692838576128,-9200853692973056000,-9200853694986059263,-9200853695120539648,-9200853694986059776,-9200853695120539648,598979096319361024,598979096185143296,598979096319361024,598979096185143296,598979094171877376,598979094037659648,598979094171877376,598979094037659648,22518344015937536,22518343881719808,22518344015937536,22518343881719808,22518341868453888,22518341734236160,22518341868453888,22518341734236160,598979096319623681,598979096185143296,598979096319623168,598979096185143296,598979094172140033,598979094037659648,598979094172139520,598979094037659648,22518344016200193,22518343881719808,22518344016199680,22518343881719808,22518341868716545,22518341734236160,22518341868716032,22518341734236160,-8624392940535414784,-8624392940669632512,-8624392940535414784,-8624392940669632512,-8624392942682898432,-8624392942817116160,-8624392942682898432,-8624392942817116160,-9200853692838838272,-9200853692973056000,-9200853692838838272,-9200853692973056000,-9200853694986321920,-9200853695120539648,-9200853694986321920,-9200853695120539648,-8624392940535152128,-8624392940669632512,-8624392940535152640,-8624392940669632512,-8624392942682635776,-8624392942817116160,-8624392942682636288,-8624392942817116160,-9200853692838575616,-9200853692973056000,-9200853692838576128,-9200853692973056000,-9200853694986059264,-9200853695120539648,-9200853694986059776,-9200853695120539648,598979096319361024,598979096185143296,598979096319361024,598979096185143296,598979094171877376,598979094037659648,598979094171877376,598979094037659648,22518344015937536,22518343881719808,22518344015937536,22518343881719808,22518341868453888,22518341734236160,22518341868453888,22518341734236160,598979096319623680,598979096185143296,598979096319623168,598979096185143296,598979094172140032,598979094037659648,598979094172139520,598979094037659648,22518344016200192,22518343881719808,22518344016199680,22518343881719808,22518341868716544,22518341734236160,22518341868716032,22518341734236160,-8624392940535414784,-8624392940669632512,-8624392940535414784,-8624392940669632512,-8624392942682898432,-8624392942817116160,-8624392942682898432,-8624392942817116160,-9200853692838838272,-9200853692973056000,-9200853692838838272,-9200853692973056000,-9200853694986321920,-9200853695120539648,-9200853694986321920,-9200853695120539648,
1197958188344280066,1197958188344280064,45036683468472320,45036683468472320,1197958188343754752,1197958188343754752,1197958188075319296,1197958188075319296,45036683737432064,45036683737432064,1197958188075319296,1197958188075319296,45036683736907776,45036683736907776,45036683468472320,45036683468472320,1197958188344279040,1197958188344279040,45036683468472320,45036683468472320,1197958188343754752,1197958188343754752,1197958188075319296,1197958188075319296,45036683737433090,45036683737433088,1197958188075319296,1197958188075319296,45036683736907776,45036683736907776,45036683468472320,45036683468472320,
2323857683139004420,2323857683139004416,18014673924259840,18014673924259840,2323857682601082880,2323857682601082880,18014673387388928,18014673387388928,18014673925310468,18014673925310464,2323857683139002368,2323857683139002368,18014673387388928,18014673387388928,2323857682601082880,2323857682601082880,2323857683137953792,2323857683137953792,18014673925308416,18014673925308416,2323857682601082880,2323857682601082880,18014673387388928,18014673387388928,18014673924259840,18014673924259840,2323857683137953792,2323857683137953792,18014673387388928,18014673387388928,2323857682601082880,2323857682601082880,
144117404414255168,144117404414255104,144117404413198336,144117404413198336,144117387099111424,144117387099111424,144117387099111424,144117387099111424,144117404278980608,144117404278980608,144117404278980608,144117404278980608,144117387099111424,144117387099111424,144117387099111424,144117387099111424,144117404414246912,144117404414246912,144117404413198336,144117404413198336,144117387099111424,144117387099111424,144117387099111424,144117387099111424,144117404278980608,144117404278980608,144117404278980608,144117404278980608,144117387099111424,144117387099111424,144117387099111424,144117387099111424,
360293502378066048,360293467747778560,360293467747778560,360293502378049536,360293502375952384,360293467747778560,360293467747778560,360293502375952384,360293502107516928,360293467747778560,360293467747778560,360293502107516928,360293502107516928,360293467747778560,360293467747778560,360293502107516928,360293502378065920,360293467747778560,360293467747778560,360293502378049536,360293502375952384,360293467747778560,360293467747778560,360293502375952384,360293502107516928,360293467747778560,360293467747778560,360293502107516928,360293502107516928,360293467747778560,360293467747778560,360293502107516928,
720587009051099136,720587004756131840,720586939790524416,720586935495557120,720586939790524416,720586935495557120,720587009051066368,720587004756099072,720587008510001152,720587004215033856,720586939790524416,720586935495557120,720586939790524416,720586935495557120,720587008510001152,720587004215033856,720587009046872064,720587004751904768,720586939790524416,720586935495557120,720586939790524416,720586935495557120,720587009046872064,720587004751904768,720587008510001152,720587004215033856,720586939790524416,720586935495557120,720586939790524416,720586935495557120,720587008510001152,720587004215033856,
1441174018118909952,1441174018102132736,1441174009512198144,1441174009512198144,1441174018110521344,1441174018093744128,1441174009503809536,1441174009503809536,1441173879597826048,1441173879581048832,1441173870991114240,1441173870991114240,1441173879597826048,1441173879581048832,1441173870991114240,1441173870991114240,1441174017036779520,1441174017020002304,1441174008430067712,1441174008430067712,1441174017036779520,1441174017020002304,1441174008430067712,1441174008430067712,1441173879597826048,1441173879581048832,1441173870991114240,1441173870991114240,1441173879597826048,1441173879581048832,1441173870991114240,1441173870991114240,
2882348036221108224,2882348036187488256,2882348019007619072,2882348019007619072,2882348036221042688,2882348036187488256,2882348019007619072,2882348019007619072,2882347759195717632,2882347759162097664,2882347741982228480,2882347741982228480,2882347759195652096,2882347759162097664,2882347741982228480,2882347741982228480,2882348034073624576,2882348034040004608,2882348016860135424,2882348016860135424,2882348034073559040,2882348034040004608,2882348016860135424,2882348016860135424,2882347759195717632,2882347759162097664,2882347741982228480,2882347741982228480,2882347759195652096,2882347759162097664,2882347741982228480,2882347741982228480,
5764696068147249408,5764696068080009216,5764696033720270848,5764696033720270848,5764695518391304192,5764695518324195328,5764695483964456960,5764695483964456960,5764695518391435520,5764695518324195328,5764695483964456960,5764695483964456960,5764696068147118080,5764696068080009216,5764696033720270848,5764696033720270848,5764696068147249152,5764696068080009216,5764696033720270848,5764696033720270848,5764695518391304192,5764695518324195328,5764695483964456960,5764695483964456960,5764695518391435264,5764695518324195328,5764695483964456960,5764695483964456960,5764696068147118080,5764696068080009216,5764696033720270848,5764696033720270848,
-6917353036926680575,-6917353105780637696,-6917353037061160960,-6917353105780637696,-6917353037061160960,-6917353105780637696,-6917353036926681088,-6917353105780637696,-6917353036926943232,-6917353105780637696,-6917353037061160960,-6917353105780637696,-6917353037061160960,-6917353105780637696,-6917353036926943232,-6917353105780637696,-6917353036926943232,-6917353105780637696,-6917353037061160960,-6917353105780637696,-6917353037061160960,-6917353105780637696,-6917353036926943232,-6917353105780637696,-6917353036926680576,-6917353105780637696,-6917353037061160960,-6917353105780637696,-6917353037061160960,-6917353105780637696,-6917353036926681088,-6917353105780637696,
4611756524879479810,4611756524878954496,4611756524610519040,4611756524610519040,4611756387171565568,4611756387171565568,4611756387171565568,4611756387171565568,4611756524879479808,4611756524878954496,4611756524610519040,4611756524610519040,4611756387171565568,4611756387171565568,4611756387171565568,4611756387171565568,4611756524879478784,4611756524878954496,4611756524610519040,4611756524610519040,4611756387171565568,4611756387171565568,4611756387171565568,4611756387171565568,4611756524879478784,4611756524878954496,4611756524610519040,4611756524610519040,4611756387171565568,4611756387171565568,4611756387171565568,4611756387171565568,
567382630219904,562949953421312,567382628106240,562949953421312,567347999932416,562949953421312,567347999932416,562949953421312,567382630203392,562949953421312,567382628106240,562949953421312,567347999932416,562949953421312,567347999932416,562949953421312,567382630219776,562949953421312,567382628106240,562949953421312,567347999932416,562949953421312,567347999932416,562949953421312,567382630203392,562949953421312,567382628106240,562949953421312,567347999932416,562949953421312,567347999932416,562949953421312,567382359670784,562949953421312,567382359670784,562949953421312,567347999932416,562949953421312,567347999932416,562949953421312,567382359670784,562949953421312,567382359670784,562949953421312,567347999932416,562949953421312,567347999932416,562949953421312,567382359670784,562949953421312,567382359670784,562949953421312,567347999932416,562949953421312,567347999932416,562949953421312,567382359670784,562949953421312,567382359670784,562949953421312,567347999932416,562949953421312,567347999932416,562949953421312,
1416240237150208,1416240232923136,1416170976575488,1416170976575488,1407374883553280,1407374883553280,1407374883553280,1407374883553280,1416239696052224,1416239696052224,1416170976575488,1416170976575488,1407374883553280,1407374883553280,1407374883553280,1407374883553280,1416240237117440,1416240232923136,1416170976575488,1416170976575488,1407374883553280,1407374883553280,1407374883553280,1407374883553280,1416239696052224,1416239696052224,1416170976575488,1416170976575488,1407374883553280,1407374883553280,1407374883553280,1407374883553280,
2833579985862656,2814749767106560,2833441464778752,2814749767106560,2815849278734336,2832480474234880,2815849278734336,2832341953150976,2833579977474048,2814749767106560,2833441464778752,2814749767106560,2815849278734336,2832480465846272,2815849278734336,2832341953150976,2833578903732224,2814749767106560,2833441464778752,2814749767106560,2815849278734336,2832479392104448,2815849278734336,2832341953150976,2833578903732224,2814749767106560,2833441464778752,2814749767106560,2815849278734336,2832479392104448,2815849278734336,2832341953150976,
5667164249915392,5664683906301952,5666887224524800,5667162102431744,5664960931692544,5666887224524800,5664683906301952,5664958784208896,5631698557468672,5664683906301952,5631698557468672,5631698557468672,5629499534213120,5631698557468672,5629499534213120,5629499534213120,5631702852435968,5629499534213120,5631702852435968,5631702852435968,5629499534213120,5631702852435968,5629499534213120,5629499534213120,5667159954948096,5629499534213120,5666882929557504,5667157807464448,5664960931692544,5666882929557504,5664683906301952,5664958784208896,
11334324221640704,11333774465826816,11329917568417792,11329367812603904,11334324204863488,11333774449049600,11329917568417792,11329367812603904,11263405721649152,11263405721649152,11258999068426240,11258999068426240,11263405704871936,11263405704871936,11258999068426240,11258999068426240,11334315614928896,11333765859115008,11329917568417792,11329367812603904,11334315614928896,11333765859115008,11329917568417792,11329367812603904,11263397114937344,11263397114937344,11258999068426240,11258999068426240,11263397114937344,11263397114937344,11258999068426240,11258999068426240,
22667548931719168,22517998136852480,22667548931653632,22517998136852480,22526794229874688,22658735625207808,22526794229874688,22658735625207808,22667531718230016,22517998136852480,22667531718230016,22517998136852480,22526811409743872,22658735625207808,22526811409743872,22658735625207808,22667531718230016,22517998136852480,22667531718230016,22517998136852480,22526811443363840,22658735625207808,22526811443298304,22658735625207808,22667548898099200,22517998136852480,22667548898099200,22517998136852480,22526794229874688,22658735625207808,22526794229874688,22658735625207808,
45053622886727936,45035996273704960,45053622886596608,45053622886727680,45053588459749376,45053622886596608,45053588459749376,45053588459749376,45035996273704960,45053588459749376,45035996273704960,45035996273704960,45035996273704960,45035996273704960,45035996273704960,45035996273704960,45053622819487744,45035996273704960,45053622819487744,45053622819487744,45053588459749376,45053622819487744,45053588459749376,45053588459749376,45035996273704960,45053588459749376,45035996273704960,45035996273704960,45035996273704960,45035996273704960,45035996273704960,45035996273704960,
18049651735527937,18049582881570816,18049651735265280,18049582881570816,18014398509481984,18014398509481984,18014398509481984,18014398509481984,18049651601047552,18049582881570816,18049651601047552,18049582881570816,18014398509481984,18014398509481984,18014398509481984,18014398509481984,18049651735527936,18049582881570816,18049651735265280,18049582881570816,18014398509481984,18014398509481984,18014398509481984,18014398509481984,18049651601047552,18049582881570816,18049651601047552,18049582881570816,18014398509481984,18014398509481984,18014398509481984,18014398509481984,18049651735527424,18049582881570816,18049651735265280,18049582881570816,18014398509481984,18014398509481984,18014398509481984,18014398509481984,18049651601047552,18049582881570816,18049651601047552,18049582881570816,18014398509481984,18014398509481984,18014398509481984,18014398509481984,18049651735527424,18049582881570816,18049651735265280,18049582881570816,18014398509481984,18014398509481984,18014398509481984,18014398509481984,18049651601047552,18049582881570816,18049651601047552,18049582881570816,18014398509481984,18014398509481984,18014398509481984,18014398509481984,
